0.7672746888954058
0.7672746888954058
0.7672746888954058
0.7672746888954058
0.7672746888954058
0.7672746888954058
0.7672746888954058
0.7672746888954058
0.7672746888954058
0.7672746888954058
0.7672746888954058
0.7672746888954058
0.7672746888954058
0.7672746888954058
0.7672746888954058
0.7672746888954058
0.7672746888954058
0.7672746888954058
0.7672746888954058
0.7672746888954058
0.7672746888954058
0.7672746888954058
0.7672746888954058
0.7672746888954058
0.7672746888954058
0.7672746888954058
0.7672746888954058
0.7672746888954058
0.7672746888954058
0.7672746888954058
