0.7224710022127147
0.7224710022127147
0.7224710022127147
0.7224710022127147
0.7224710022127147
0.7224710022127147
0.7224710022127147
0.7224710022127147
0.7224710022127147
0.7224710022127147
0.7224710022127147
0.7224710022127147
0.7224710022127147
0.7224710022127147
0.7224710022127147
0.7224710022127147
0.7224710022127147
0.7224710022127147
0.7224710022127147
0.7224710022127147
0.7224710022127147
0.7224710022127147
0.7224710022127147
0.7224710022127147
0.7224710022127147
0.7224710022127147
0.7224710022127147
0.7224710022127147
0.7224710022127147
0.7224710022127147
