0.8131068544403874
0.7983242210564331
0.8110553792834615
0.776886812131006
0.8081204185052151
0.8051929175343735
0.7921194473025773
0.8291483640305085
0.8151382814056808
0.8045963334581024
0.8123493710517795
0.8400400651801132
0.7978348362046662
0.7671696565082136
0.830007296754156
0.7885818631529612
0.8270190527584029
0.8247699088236098
0.7998745248213626
0.8092874336543343
0.8062443121246385
0.8194944967429638
0.7948014067378304
0.7939934610855588
0.8125261926898354
0.8061038131132199
0.8449929516415224
0.8139241238514202
0.8335494287708081
0.8356064730771331
