0.8669542883510843
0.8540546806717039
0.8484413152078407
0.8344564412808857
0.8612617456731219
0.8518831473597048
0.8356040668653598
0.8821275527490439
0.8556735638670394
0.8470294570206306
0.8520847225987813
0.8934413052189203
0.8378057489115818
0.7997505574233321
0.8708861685491129
0.830224000798238
0.8865597519470132
0.8738103920326304
0.8403110067173344
0.8632172469231539
0.8549110176674548
0.8719027123941145
0.8378727923217714
0.8415047776522548
0.858231381858551
0.8605909366210012
0.890922836553235
0.8648244903498922
0.8791488861606241
0.8741388528254908
