0.7090676943922125
0.7087004776231076
0.7097215400402018
0.7070003238271143
0.7083153613497344
0.7096010307046126
0.7089928677216423
0.7090108333814711
0.7078344389249077
0.7096578570729261
0.7087574474840975
0.7094412447151948
0.7097202133061575
0.7100143806033479
0.709485066870687
0.7084396291682565
0.7096056316498386
0.7081376100328252
0.7094803447737041
0.7087292327077586
0.708204484628098
0.7090765526890074
0.7080457193748423
0.7095453198303745
0.7093331410719532
0.7076712629001847
0.7079814330773677
0.7084847859611748
0.7083759852788681
0.7087100263356985
