0.7497290719352858
0.750735029538389
0.7519721642786543
0.7470660582097197
0.7496006036962608
0.7538929459046374
0.7500971725740463
0.7497178500841059
0.7496722095479044
0.7518447490525276
0.7495876373551805
0.752172767219145
0.7513273064503171
0.7526070761875483
0.7520177015796417
0.7528219875638071
0.7521154421650491
0.7477480988742494
0.7532857833450588
0.7508093763147976
0.749163187106578
0.7500461987127822
0.7493114148745599
0.7514840080414211
0.7501561941194163
0.7506379500809912
0.7486942152741807
0.7509860186256627
0.7501385610153213
0.7501040753462218
