0.7721613739178723
0.7721613739178723
0.7721613739178723
0.7721613739178723
0.7721613739178723
0.7721613739178723
0.7721613739178723
0.7721613739178723
0.7721613739178723
0.7721613739178723
0.7721613739178723
0.7721613739178723
0.7721613739178723
0.7721613739178723
0.7721613739178723
0.7721613739178723
0.7721613739178723
0.7721613739178723
0.7721613739178723
0.7721613739178723
0.7721613739178723
0.7721613739178723
0.7721613739178723
0.7721613739178723
0.7721613739178723
0.7721613739178723
0.7721613739178723
0.7721613739178723
0.7721613739178723
0.7721613739178723
