0.7277005553003583
0.7277005553003583
0.7277005553003583
0.7277005553003583
0.7277005553003583
0.7277005553003583
0.7277005553003583
0.7277005553003583
0.7277005553003583
0.7277005553003583
0.7277005553003583
0.7277005553003583
0.7277005553003583
0.7277005553003583
0.7277005553003583
0.7277005553003583
0.7277005553003583
0.7277005553003583
0.7277005553003583
0.7277005553003583
0.7277005553003583
0.7277005553003583
0.7277005553003583
0.7277005553003583
0.7277005553003583
0.7277005553003583
0.7277005553003583
0.7277005553003583
0.7277005553003583
0.7277005553003583
