0.7507044076026737
0.7507044076026737
0.7507044076026737
0.7507044076026737
0.7507044076026737
0.7507044076026737
0.7507044076026737
0.7507044076026737
0.7507044076026737
0.7507044076026737
0.7507044076026737
0.7507044076026737
0.7507044076026737
0.7507044076026737
0.7507044076026737
0.7507044076026737
0.7507044076026737
0.7507044076026737
0.7507044076026737
0.7507044076026737
0.7507044076026737
0.7507044076026737
0.7507044076026737
0.7507044076026737
0.7507044076026737
0.7507044076026737
0.7507044076026737
0.7507044076026737
0.7507044076026737
0.7507044076026737
0.7507044076026737,
