0.7045065324240576
0.7045065324240576
0.7045065324240576
0.7045065324240576
0.7045065324240576
0.7045065324240576
0.7045065324240576
0.7045065324240576
0.7045065324240576
0.7045065324240576
0.7045065324240576
0.7045065324240576
0.7045065324240576
0.7045065324240576
0.7045065324240576
0.7045065324240576
0.7045065324240576
0.7045065324240576
0.7045065324240576
0.7045065324240576
0.7045065324240576
0.7045065324240576
0.7045065324240576
0.7045065324240576
0.7045065324240576
0.7045065324240576
0.7045065324240576
0.7045065324240576
0.7045065324240576
0.7045065324240576
