0.795726371642087
0.7958168654038753
0.7957862892738163
0.7957456580230853
0.795733907730464
0.795746400148259
0.795693581155199
0.7957157150603074
0.7956501805168432
0.7957838996423439
0.7958292656530135
0.7956737620822146
0.7957910869965421
0.7956473275732868
0.7957869857156421
0.7957664115889159
0.7957842695398395
0.7957540578298316
0.7957499388864877
0.795668577431117
0.795699763661998
0.7957433256165427
0.7957787299525603
0.7956902804077582
0.7958165030221664
0.7957958014025912
0.7957095587036529
0.7957094111066548
0.7957212992545821
0.7957579497820254
