0.8542956714548666
0.8543846986927116
0.8543565968718563
0.8543065746299476
0.8543450546162358
0.8542893883458277
0.8542479288832061
0.8542907191357332
0.8542276843482778
0.8543312939842813
0.8543592327337176
0.8542326996006666
0.854350351686643
0.8542697640787311
0.8543195003882819
0.8543221752434897
0.8543420428793006
0.8543703880465852
0.8543120119647398
0.8542787058737819
0.8543074589164596
0.8543144837430837
0.8543551447910709
0.8542701085424659
0.8543688034748183
0.854348996768793
0.8542832596694989
0.8542901329498436
0.8542866533074462
0.8543192424901145
