0.7839372026896788
0.7838323668241144
0.7839961517837252
0.7838676229689772
0.7838107374957138
0.7837508443677479
0.7838433059412623
0.7839771719824373
0.7839077020274106
0.7838843897027792
0.7839472545125808
0.7838538436955437
0.7838632319912413
0.7838053135087486
0.7839220741013454
0.7838412079321977
0.7839248670093459
0.7838760661961846
0.7837845920560902
0.7839420517757052
0.7839406958694352
0.7838811066456497
0.7839317333102187
0.7837525636651245
0.7838206334036829
0.7838390914716951
0.7838289764885303
0.7837400289893177
0.7838835508862484
0.7836670445848004
