0.7458583832968576
0.7457602156724126
0.7459677606026057
0.7457968489210216
0.7457627610503839
0.7456188701988757
0.7457702707327405
0.7458465655431474
0.745794065380639
0.7458184060563511
0.7458405670441934
0.7457436823095314
0.7457586093924669
0.7456845494439046
0.7458309775187029
0.7457207755094508
0.7457990961274461
0.7458030325343545
0.7456538688689927
0.7458662273296458
0.7458305881862985
0.7458036112206436
0.745871283858875
0.7456832938507586
0.7457017654525601
0.7457605147337786
0.7457112797087133
0.7456239333605882
0.7458073023182145
0.7455418224490118
