0.8427639376665133
0.8524990450756629
0.8359114811206378
0.8589852127562828
0.8256725198111837
0.8303814237227387
0.8684584387298877
0.8379703820310658
0.8483865439707994
0.8333798976841041
0.8557541993786041
0.8457403868079177
0.8207800001989014
0.8505558842537944
0.8444358454708816
0.840251845137761
0.8305403174872434
0.8408447798709154
0.8724593782287373
0.8585542706495877
0.8536715587704145
0.8472062758212463
0.826976900438147
0.8433154445780093
0.8225773099636458
0.8388509197633154
0.823943676379395
0.8319101738625889
0.816769536758347
0.8228698153941154
