0.7978776272199821
0.8171732086533499
0.7942509198639114
0.8279169487485868
0.7932867841952286
0.7981480168858884
0.839163504616326
0.8087163933464918
0.8237963426088459
0.8052920308381205
0.8277138052685457
0.8095456597459508
0.7914467234569406
0.8226477591587378
0.8105082987082582
0.807915838098268
0.7875310304289259
0.802643703478789
0.8252983114692514
0.8189325829132249
0.8164724827867313
0.8077566293655447
0.797329179639463
0.8061631584526205
0.7649579682184815
0.8175211319386912
0.7986100012744934
0.7820508939734823
0.7645875986904457
0.7815101948431612
