0.8848480766008262,
0.8869421116277009,
0.9266052993893041,
0.8932414437657087,
0.9055416397022483,
0.9025100902174279,
0.9005237501774113,
0.9176014686949564,
0.9012959522472375,
0.8929962241997019,
0.9112253241964732,
0.9105524290765565,
0.9279399454505814,
0.8949724848978727,
0.9104160293710967,
0.8950645263885992,
0.9097585917587916,
0.9142647449722661,
0.9113567196767619,
0.8819511365736533,
0.8964528031093305,
0.9083782509100636,
0.9190780486755437,
0.861264975110621,
0.932353032588866,
0.9067569073191016,
0.9023727629418966,
0.9092771762519692,
0.8917280895478259,
0.8949544747743221,
