0.823494229251799,
0.8287638643791337,
0.8627590223735087,
0.8327035624791206,
0.8465717630015899,
0.838064665819029,
0.8400054527561747,
0.8531325048943966,
0.8356385423265575,
0.8306156969086549,
0.8494828253349956,
0.8362142809560764,
0.8624103542695017,
0.8311236868469702,
0.8471907204822164,
0.8342881886294116,
0.8488599244978282,
0.8504295257818612,
0.8487777989178215,
0.8227725116559533,
0.836756276650541,
0.8460299129920468,
0.859368416419802,
0.8256256705340907,
0.8680374901071612,
0.8428061021647629,
0.8442558724479194,
0.8460154740868049,
0.8290786488681017,
0.8340031477970754,
