0.8129699002804148
0.7714417349231083
0.8114143987960212
0.8658459712953686
0.768916015103182
0.8026207999116348
0.8261773576813841
0.807250119772629
0.8012178815033479
0.7677946707136091
0.7773241946853418
0.8384964934449979
0.8198974098159054
0.8062820062036439
0.8218507970843542
0.7877055953245675
0.8387586036092858
0.7756691775198898
0.7615870293784142
0.7708707579995158
0.8055423012594979
0.8324677722334913
0.831834793767214
0.8016570685996136
0.8430409623571421
0.7725791039391748
0.8574484521151314
0.8320259963028181
0.8161211422754608
0.7896362153177451
