0.8485992196482112
0.8025457644443975
0.8539849789025593
0.9116542611017955
0.7943473184482428
0.8648054881273908
0.868736731284727
0.8313023881672403
0.8409481719699057
0.8048347488789531
0.8306871365267803
0.8803587203337375
0.8800884551435395
0.8458400577538351
0.8635919886870888
0.8071723792589938
0.8613551137034798
0.7984805664286533
0.8037908358736141
0.8028696583643413
0.8309603160896112
0.8869516262803696
0.8538795111649804
0.8243441125471687
0.8727848974898323
0.8168561749124219
0.8866291329898802
0.8663317999107578
0.861232087281772
0.8153328850595714
