0.8587681962766341
0.8589151498490594
0.8662354126384839
0.8167044276206015
0.8399821998292282
0.8475001067679079
0.8284891204970795
0.8500998200036719
0.8884805258675603
0.8017136609263277
0.8467275237685572
0.8744775910209712
0.810636690576416
0.8516811297846486
0.8853671526137064
0.8847263091803601
0.8659058015240557
0.8591261424873302
0.8517328897009472
0.878386079323465
0.8783621633899907
0.8509365022639587
0.8339367200484296
0.8727225987029671
0.8845181162729892
0.866565059610798
0.860583730754664
0.8309195746261235
0.8071003465922676
0.8390379965908036
