0.8317257030124299
0.8313998399396947
0.8340269466881869
0.7719676680029485
0.8146193811760503
0.8320500461162468
0.8074676312490731
0.8175686795574372
0.8670100627295266
0.8010330975230919
0.830029420402607
0.8420542816397504
0.7890789750998349
0.8222919022613164
0.8530540812813638
0.8529479063688508
0.8286381067736782
0.846837092125502
0.8202389213630361
0.8276410580588516
0.848248725783038
0.8053282809862428
0.78904619169107
0.8293037136069452
0.8583990996738142
0.8219613791222524
0.8227726608735063
0.7967416460102846
0.7933588432869503
0.806393040826898
