0.83846816529073,
0.8450870794599892,
0.8644907853053432,
0.8465439842698915,
0.8289580445233614,
0.8515142269307605,
0.8509187489307877,
0.8392715889827255,
0.852098817384029,
0.8479074396486068,
0.8345767841063317,
0.8584001964501029,
0.830512397344654,
0.8552595258592165,
0.8517197700359981,
0.8364367655279368,
0.8570540415773751,
0.8651588248572383,
0.8287420616408504,
0.8426767405222704,
0.851814655332582,
0.8210738508970804,
0.8447260270849469,
0.847720688900355,
0.846436302656404,
0.8499217562260082,
0.8548803311950607,
0.8214988233034317,
0.861090274209203,
0.826066032163933,
