0.89810430968966,
0.9086963799118246,
0.9258004973255106,
0.9068449377672255,
0.8929832524004647,
0.9161804157778063,
0.9225724094772765,
0.9002309577117618,
0.915147291947035,
0.9123117535659787,
0.8977188972997749,
0.9231798412984868,
0.8962881534161031,
0.9162400161021862,
0.9187940505828098,
0.9007170381161058,
0.9179607823138273,
0.9250959919608936,
0.8911803099027221,
0.9026934816396348,
0.9051068470996675,
0.8808455587231341,
0.9083265353196955,
0.9121976635989177,
0.9112792250278681,
0.9113237218051766,
0.9164794950194073,
0.8819848941956601,
0.9218486083709669,
0.8920855286144223,
