0.8261934836490322
0.8228947813369437
0.8045574864314693
0.8274140751084597
0.8017417423057551
0.8272173475316664
0.8324311417575562
0.7967732174350611
0.8047144405598807
0.8093966492437283
0.8353307056482342
0.804027812211966
0.8007954842687027
0.8294151866153074
0.8146296526284
0.8075959532198365
0.8202197980780908
0.8218392120799873
0.7795193775592868
0.8063382079783962
0.7998153669003369
0.7985738259829853
0.8221038742590201
0.8056403831275777
0.82558877140484
0.8112783511211997
0.822047519052956
0.8221352268740635
0.7928073308230369
0.818810298979875
