0.8567967616035281
0.8720346228475503
0.8406977706875747
0.8682513111274279
0.8483396077090154
0.8692841742624683
0.8673079349574652
0.8347382724963175
0.8623597173806642
0.8477172458434408
0.8676462423423625
0.8506406164251826
0.8388443749440088
0.8715237936302623
0.8575494683737863
0.8427398538852777
0.8588219154408485
0.8532286574833895
0.8066975010292688
0.8441010708535396
0.8495795863897214
0.8379023149393277
0.8590346084386422
0.8460344554253094
0.8723427969350513
0.8529097144975786
0.8687018572773237
0.8601727755552544
0.8446676214274911
0.8630267504041191
