0.8514786318592845
0.8385021187294418
0.8501133099069144
0.8652528745652189
0.8839596270007426
0.8831756620294909
0.8576934856570112
0.8766222040180844
0.832438105545829
0.8683022944403561
0.8736594997641653
0.8391461576571615
0.8388420359632753
0.8423694609426082
0.864788988404451
0.8645001785972373
0.8448278711960239
0.8532640784393382
0.8605398021466593
0.8741238062304694
0.8571617176340786
0.8446282014872434
0.8518042813360733
0.8199186258698848
0.8649491933151132
0.8486771705355839
0.8851931525873991
0.8515743739661863
0.8662720266767641
0.8542783415123043
