0.8159200836393584
0.8379323344241364
0.8107990879587188
0.840178298731658
0.8504170457814558
0.7959367691510273
0.8469955903466818
0.8105419559024977
0.8092488032394621
0.8212520882074601
0.815432982358643
0.8162740180522308
0.8033171204398146
0.8285735394275664
0.8164071403955688
0.8135321330689436
0.827167209417064
0.8154927390967075
0.8474407357495867
0.8066706186882238
0.8204794207705502
0.8278755791484027
0.8037275539381161
0.8455675946507796
0.8058432175926187
0.8347605053315906
0.8190693477814384
0.8341056661994062
0.8339985878534572
0.8103906119137511
