0.8576091470877341,
0.8686558401851743,
0.860145450119006,
0.8568054273592534,
0.844646971443866,
0.8538411591612821,
0.876002988058044,
0.8513875580072436,
0.8569190073768501,
0.8557868944814429,
0.8481180714823839,
0.8579416839238876,
0.8616250165646251,
0.8581464445309189,
0.85925815860408,
0.8770704442793527,
0.867315937649861,
0.8655800047449647,
0.8834208297715698,
0.8572061576783445,
0.8685999276915914,
0.8536710206868893,
0.8900340465791317,
0.8680739077991533,
0.8712395132066575,
0.8600477023939842,
0.8737923332204065,
0.8861706806567412,
0.865452501595502,
0.8775683979614047,
