0.7971072076242304,
0.8111110802776013,
0.798024525980136,
0.7953637897819456,
0.7847752269558617,
0.793593600810563,
0.8155042757803447,
0.7887662626652331,
0.790854463667398,
0.797403073678412,
0.7823875137413449,
0.7974519047287731,
0.7987678716846826,
0.7964993928417383,
0.7955265694638803,
0.8142602284236802,
0.8090883005391584,
0.8050256265894676,
0.8262891806989833,
0.7970878698097039,
0.8058022675977666,
0.7976119653801049,
0.8232438051847828,
0.8115074427197948,
0.8094688529702438,
0.8036434799377792,
0.8148922263705973,
0.8276174112640957,
0.8044659863792603,
0.817773236973532,
